100000000000000000000000000000000
1000110
10001011
11010000
100010100
101010110
110010111
111010101
1000010010
1001001100
1010000011
1010110111
1011100111
1100010100
1100111101
1101100010
1110000011
1110011111
1110110111
1111001010
1111011001
1111100011
1111100111
1111100111
1111100011
1111011001
1111001010
1110110111
1110011111
1110000011
1101100010
1100111101
1100010100
1011100111
1010110111
1010000011
1001001100
1000010010
111010101
110010111
101010110
100010100
11010000
10001011
1000110
100000000000000000000000000000000
11111111111111111111111110111010
11111111111111111111111101110101
11111111111111111111111100110000
11111111111111111111111011101100
11111111111111111111111010101010
11111111111111111111111001101001
11111111111111111111111000101011
11111111111111111111110111101110
11111111111111111111110110110100
11111111111111111111110101111101
11111111111111111111110101001001
11111111111111111111110100011001
11111111111111111111110011101100
11111111111111111111110011000011
11111111111111111111110010011110
11111111111111111111110001111101
11111111111111111111110001100001
11111111111111111111110001001001
11111111111111111111110000110110
11111111111111111111110000100111
11111111111111111111110000011101
11111111111111111111110000011001
11111111111111111111110000011001
11111111111111111111110000011101
11111111111111111111110000100111
11111111111111111111110000110110
11111111111111111111110001001001
11111111111111111111110001100001
11111111111111111111110001111101
11111111111111111111110010011110
11111111111111111111110011000011
11111111111111111111110011101100
11111111111111111111110100011001
11111111111111111111110101001001
11111111111111111111110101111101
11111111111111111111110110110100
11111111111111111111110111101110
11111111111111111111111000101011
11111111111111111111111001101001
11111111111111111111111010101010
11111111111111111111111011101100
11111111111111111111111100110000
11111111111111111111111101110101
11111111111111111111111110111010
100000000000000000000000000000000
1000110
10001011
11010000
100010100
101010110
110010111
111010101
1000010010
1001001100
1010000011
1010110111
1011100111
1100010100
1100111101
1101100010
1110000011
1110011111
1110110111
1111001010
1111011001
1111100011
1111100111
1111100111
1111100011
1111011001
1111001010
1110110111
1110011111
1110000011
1101100010
1100111101
1100010100
1011100111
1010110111
1010000011
1001001100
1000010010
111010101
110010111
101010110
100010100
11010000
10001011
1000110
100000000000000000000000000000000
11111111111111111111111110111010
11111111111111111111111101110101
11111111111111111111111100110000
11111111111111111111111011101100
11111111111111111111111010101010
11111111111111111111111001101001
11111111111111111111111000101011
11111111111111111111110111101110
11111111111111111111110110110100
11111111111111111111110101111101
11111111111111111111110101001001
11111111111111111111110100011001
11111111111111111111110011101100
11111111111111111111110011000011
11111111111111111111110010011110
11111111111111111111110001111101
11111111111111111111110001100001
11111111111111111111110001001001
11111111111111111111110000110110
11111111111111111111110000100111
11111111111111111111110000011101
11111111111111111111110000011001
11111111111111111111110000011001
11111111111111111111110000011101
11111111111111111111110000100111
11111111111111111111110000110110
11111111111111111111110001001001
11111111111111111111110001100001
11111111111111111111110001111101
11111111111111111111110010011110
11111111111111111111110011000011
11111111111111111111110011101100
11111111111111111111110100011001
11111111111111111111110101001001
11111111111111111111110101111101
11111111111111111111110110110100
11111111111111111111110111101110
11111111111111111111111000101011
11111111111111111111111001101001
11111111111111111111111010101010
11111111111111111111111011101100
11111111111111111111111100110000
11111111111111111111111101110101
11111111111111111111111110111010
100000000000000000000000000000000
1000110
10001011
11010000
100010100
101010110
110010111
111010101
1000010010
1001001100
1010000011
1010110111
1011100111
1100010100
1100111101
1101100010
1110000011
1110011111
1110110111
1111001010
1111011001
1111100011
1111100111
1111100111
1111100011
1111011001
1111001010
1110110111
1110011111
1110000011
1101100010
1100111101
1100010100
1011100111
1010110111
1010000011
1001001100
1000010010
111010101
110010111
101010110
100010100
11010000
10001011
1000110
100000000000000000000000000000000
11111111111111111111111110111010
11111111111111111111111101110101
11111111111111111111111100110000
11111111111111111111111011101100
11111111111111111111111010101010
11111111111111111111111001101001
11111111111111111111111000101011
11111111111111111111110111101110
11111111111111111111110110110100
11111111111111111111110101111101
11111111111111111111110101001001
11111111111111111111110100011001
11111111111111111111110011101100
11111111111111111111110011000011
11111111111111111111110010011110
11111111111111111111110001111101
11111111111111111111110001100001
11111111111111111111110001001001
11111111111111111111110000110110
11111111111111111111110000100111
11111111111111111111110000011101
11111111111111111111110000011001
11111111111111111111110000011001
11111111111111111111110000011101
11111111111111111111110000100111
11111111111111111111110000110110
11111111111111111111110001001001
11111111111111111111110001100001
11111111111111111111110001111101
11111111111111111111110010011110
11111111111111111111110011000011
11111111111111111111110011101100
11111111111111111111110100011001
11111111111111111111110101001001
11111111111111111111110101111101
11111111111111111111110110110100
11111111111111111111110111101110
11111111111111111111111000101011
11111111111111111111111001101001
11111111111111111111111010101010
11111111111111111111111011101100
11111111111111111111111100110000
11111111111111111111111101110101
11111111111111111111111110111010
100000000000000000000000000000000
1000110
10001011
11010000
100010100
101010110
110010111
111010101
1000010010
1001001100
1010000011
1010110111
1011100111
1100010100
1100111101
1101100010
1110000011
1110011111
1110110111
1111001010
1111011001
1111100011
1111100111
1111100111
1111100011
1111011001
1111001010
1110110111
1110011111
1110000011
1101100010
1100111101
1100010100
1011100111
1010110111
1010000011
1001001100
1000010010
111010101
110010111
101010110
100010100
11010000
10001011
1000110
100000000000000000000000000000000
11111111111111111111111110111010
11111111111111111111111101110101
11111111111111111111111100110000
11111111111111111111111011101100
11111111111111111111111010101010
11111111111111111111111001101001
11111111111111111111111000101011
11111111111111111111110111101110
11111111111111111111110110110100
11111111111111111111110101111101
11111111111111111111110101001001
11111111111111111111110100011001
11111111111111111111110011101100
11111111111111111111110011000011
11111111111111111111110010011110
11111111111111111111110001111101
11111111111111111111110001100001
11111111111111111111110001001001
11111111111111111111110000110110
11111111111111111111110000100111
11111111111111111111110000011101
11111111111111111111110000011001
11111111111111111111110000011001
11111111111111111111110000011101
11111111111111111111110000100111
11111111111111111111110000110110
11111111111111111111110001001001
11111111111111111111110001100001
11111111111111111111110001111101
11111111111111111111110010011110
11111111111111111111110011000011
11111111111111111111110011101100
11111111111111111111110100011001
11111111111111111111110101001001
11111111111111111111110101111101
11111111111111111111110110110100
11111111111111111111110111101110
11111111111111111111111000101011
11111111111111111111111001101001
11111111111111111111111010101010
11111111111111111111111011101100
11111111111111111111111100110000
11111111111111111111111101110101
11111111111111111111111110111010
