1111101000
1111100110
1111011110
1111010010
1111000001
1110101100
1110010010
1101110011
1101010000
1100101001
1011111110
1011001111
1010011101
1001101000
1000101111
111110100
110110110
101110111
100110101
11110010
10101110
1101001
100011
11111111111111111111111111011101
11111111111111111111111110010111
11111111111111111111111101010010
11111111111111111111111100001110
11111111111111111111111011001011
11111111111111111111111010001001
11111111111111111111111001001010
11111111111111111111111000001100
11111111111111111111110111010001
11111111111111111111110110011000
11111111111111111111110101100011
11111111111111111111110100110001
11111111111111111111110100000010
11111111111111111111110011010111
11111111111111111111110010110000
11111111111111111111110010001101
11111111111111111111110001101110
11111111111111111111110001010100
11111111111111111111110000111111
11111111111111111111110000101110
11111111111111111111110000100010
11111111111111111111110000011010
11111111111111111111110000011000
11111111111111111111110000011010
11111111111111111111110000100010
11111111111111111111110000101110
11111111111111111111110000111111
11111111111111111111110001010100
11111111111111111111110001101110
11111111111111111111110010001101
11111111111111111111110010110000
11111111111111111111110011010111
11111111111111111111110100000010
11111111111111111111110100110001
11111111111111111111110101100011
11111111111111111111110110011000
11111111111111111111110111010001
11111111111111111111111000001100
11111111111111111111111001001010
11111111111111111111111010001001
11111111111111111111111011001011
11111111111111111111111100001110
11111111111111111111111101010010
11111111111111111111111110010111
11111111111111111111111111011101
100011
1101001
10101110
11110010
100110101
101110111
110110110
111110100
1000101111
1001101000
1010011101
1011001111
1011111110
1100101001
1101010000
1101110011
1110010010
1110101100
1111000001
1111010010
1111011110
1111100110
1111101000
1111100110
1111011110
1111010010
1111000001
1110101100
1110010010
1101110011
1101010000
1100101001
1011111110
1011001111
1010011101
1001101000
1000101111
111110100
110110110
101110111
100110101
11110010
10101110
1101001
100011
11111111111111111111111111011101
11111111111111111111111110010111
11111111111111111111111101010010
11111111111111111111111100001110
11111111111111111111111011001011
11111111111111111111111010001001
11111111111111111111111001001010
11111111111111111111111000001100
11111111111111111111110111010001
11111111111111111111110110011000
11111111111111111111110101100011
11111111111111111111110100110001
11111111111111111111110100000010
11111111111111111111110011010111
11111111111111111111110010110000
11111111111111111111110010001101
11111111111111111111110001101110
11111111111111111111110001010100
11111111111111111111110000111111
11111111111111111111110000101110
11111111111111111111110000100010
11111111111111111111110000011010
11111111111111111111110000011000
11111111111111111111110000011010
11111111111111111111110000100010
11111111111111111111110000101110
11111111111111111111110000111111
11111111111111111111110001010100
11111111111111111111110001101110
11111111111111111111110010001101
11111111111111111111110010110000
11111111111111111111110011010111
11111111111111111111110100000010
11111111111111111111110100110001
11111111111111111111110101100011
11111111111111111111110110011000
11111111111111111111110111010001
11111111111111111111111000001100
11111111111111111111111001001010
11111111111111111111111010001001
11111111111111111111111011001011
11111111111111111111111100001110
11111111111111111111111101010010
11111111111111111111111110010111
11111111111111111111111111011101
100011
1101001
10101110
11110010
100110101
101110111
110110110
111110100
1000101111
1001101000
1010011101
1011001111
1011111110
1100101001
1101010000
1101110011
1110010010
1110101100
1111000001
1111010010
1111011110
1111100110
1111101000
1111100110
1111011110
1111010010
1111000001
1110101100
1110010010
1101110011
1101010000
1100101001
1011111110
1011001111
1010011101
1001101000
1000101111
111110100
110110110
101110111
100110101
11110010
10101110
1101001
100011
11111111111111111111111111011101
11111111111111111111111110010111
11111111111111111111111101010010
11111111111111111111111100001110
11111111111111111111111011001011
11111111111111111111111010001001
11111111111111111111111001001010
11111111111111111111111000001100
11111111111111111111110111010001
11111111111111111111110110011000
11111111111111111111110101100011
11111111111111111111110100110001
11111111111111111111110100000010
11111111111111111111110011010111
11111111111111111111110010110000
11111111111111111111110010001101
11111111111111111111110001101110
11111111111111111111110001010100
11111111111111111111110000111111
11111111111111111111110000101110
11111111111111111111110000100010
11111111111111111111110000011010
11111111111111111111110000011000
11111111111111111111110000011010
11111111111111111111110000100010
11111111111111111111110000101110
11111111111111111111110000111111
11111111111111111111110001010100
11111111111111111111110001101110
11111111111111111111110010001101
11111111111111111111110010110000
11111111111111111111110011010111
11111111111111111111110100000010
11111111111111111111110100110001
11111111111111111111110101100011
11111111111111111111110110011000
11111111111111111111110111010001
11111111111111111111111000001100
11111111111111111111111001001010
11111111111111111111111010001001
11111111111111111111111011001011
11111111111111111111111100001110
11111111111111111111111101010010
11111111111111111111111110010111
11111111111111111111111111011101
100011
1101001
10101110
11110010
100110101
101110111
110110110
111110100
1000101111
1001101000
1010011101
1011001111
1011111110
1100101001
1101010000
1101110011
1110010010
1110101100
1111000001
1111010010
1111011110
1111100110
1111101000
1111100110
1111011110
1111010010
1111000001
1110101100
1110010010
1101110011
1101010000
1100101001
1011111110
1011001111
1010011101
1001101000
1000101111
111110100
110110110
101110111
100110101
11110010
10101110
1101001
100011
11111111111111111111111111011101
11111111111111111111111110010111
11111111111111111111111101010010
11111111111111111111111100001110
11111111111111111111111011001011
11111111111111111111111010001001
11111111111111111111111001001010
11111111111111111111111000001100
11111111111111111111110111010001
11111111111111111111110110011000
11111111111111111111110101100011
11111111111111111111110100110001
11111111111111111111110100000010
11111111111111111111110011010111
11111111111111111111110010110000
11111111111111111111110010001101
11111111111111111111110001101110
11111111111111111111110001010100
11111111111111111111110000111111
11111111111111111111110000101110
11111111111111111111110000100010
11111111111111111111110000011010
11111111111111111111110000011000
11111111111111111111110000011010
11111111111111111111110000100010
11111111111111111111110000101110
11111111111111111111110000111111
11111111111111111111110001010100
11111111111111111111110001101110
11111111111111111111110010001101
11111111111111111111110010110000
11111111111111111111110011010111
11111111111111111111110100000010
11111111111111111111110100110001
11111111111111111111110101100011
11111111111111111111110110011000
11111111111111111111110111010001
11111111111111111111111000001100
11111111111111111111111001001010
11111111111111111111111010001001
11111111111111111111111011001011
11111111111111111111111100001110
11111111111111111111111101010010
11111111111111111111111110010111
11111111111111111111111111011101
100011
1101001
10101110
11110010
100110101
101110111
110110110
111110100
1000101111
1001101000
1010011101
1011001111
1011111110
1100101001
1101010000
1101110011
1110010010
1110101100
1111000001
1111010010
1111011110
1111100110
