100000000000000000000000000000000
10001110111
100011101000
110101001110
1000110100100
1010111100100
1101000001000
1111000001100
10000111101010
10010110011110
10100100100011
10110001110101
10111110010000
11001001101111
11010100001111
11011101101101
11100110000110
11101101010111
11110011011110
11111000011001
11111100000111
11111110100110
11111111110110
11111111110110
11111110100110
11111100000111
11111000011001
11110011011110
11101101010111
11100110000110
11011101101101
11010100001111
11001001101111
10111110010000
10110001110101
10100100100011
10010110011110
10000111101010
1111000001100
1101000001000
1010111100100
1000110100100
110101001110
100011101000
10001110111
100000000000000000000000000000000
11111111111111111111101110001001
11111111111111111111011100011000
11111111111111111111001010110010
11111111111111111110111001011100
11111111111111111110101000011100
11111111111111111110010111111000
11111111111111111110000111110100
11111111111111111101111000010110
11111111111111111101101001100010
11111111111111111101011011011101
11111111111111111101001110001011
11111111111111111101000001110000
11111111111111111100110110010001
11111111111111111100101011110001
11111111111111111100100010010011
11111111111111111100011001111010
11111111111111111100010010101001
11111111111111111100001100100010
11111111111111111100000111100111
11111111111111111100000011111001
11111111111111111100000001011010
11111111111111111100000000001010
11111111111111111100000000001010
11111111111111111100000001011010
11111111111111111100000011111001
11111111111111111100000111100111
11111111111111111100001100100010
11111111111111111100010010101001
11111111111111111100011001111010
11111111111111111100100010010011
11111111111111111100101011110001
11111111111111111100110110010001
11111111111111111101000001110000
11111111111111111101001110001011
11111111111111111101011011011101
11111111111111111101101001100010
11111111111111111101111000010110
11111111111111111110000111110100
11111111111111111110010111111000
11111111111111111110101000011100
11111111111111111110111001011100
11111111111111111111001010110010
11111111111111111111011100011000
11111111111111111111101110001001
100000000000000000000000000000000
10001110111
100011101000
110101001110
1000110100100
1010111100100
1101000001000
1111000001100
10000111101010
10010110011110
10100100100011
10110001110101
10111110010000
11001001101111
11010100001111
11011101101101
11100110000110
11101101010111
11110011011110
11111000011001
11111100000111
11111110100110
11111111110110
11111111110110
11111110100110
11111100000111
11111000011001
11110011011110
11101101010111
11100110000110
11011101101101
11010100001111
11001001101111
10111110010000
10110001110101
10100100100011
10010110011110
10000111101010
1111000001100
1101000001000
1010111100100
1000110100100
110101001110
100011101000
10001110111
100000000000000000000000000000000
11111111111111111111101110001001
11111111111111111111011100011000
11111111111111111111001010110010
11111111111111111110111001011100
11111111111111111110101000011100
11111111111111111110010111111000
11111111111111111110000111110100
11111111111111111101111000010110
11111111111111111101101001100010
11111111111111111101011011011101
11111111111111111101001110001011
11111111111111111101000001110000
11111111111111111100110110010001
11111111111111111100101011110001
11111111111111111100100010010011
11111111111111111100011001111010
11111111111111111100010010101001
11111111111111111100001100100010
11111111111111111100000111100111
11111111111111111100000011111001
11111111111111111100000001011010
11111111111111111100000000001010
11111111111111111100000000001010
11111111111111111100000001011010
11111111111111111100000011111001
11111111111111111100000111100111
11111111111111111100001100100010
11111111111111111100010010101001
11111111111111111100011001111010
11111111111111111100100010010011
11111111111111111100101011110001
11111111111111111100110110010001
11111111111111111101000001110000
11111111111111111101001110001011
11111111111111111101011011011101
11111111111111111101101001100010
11111111111111111101111000010110
11111111111111111110000111110100
11111111111111111110010111111000
11111111111111111110101000011100
11111111111111111110111001011100
11111111111111111111001010110010
11111111111111111111011100011000
11111111111111111111101110001001
100000000000000000000000000000000
10001110111
100011101000
110101001110
1000110100100
1010111100100
1101000001000
1111000001100
10000111101010
10010110011110
10100100100011
10110001110101
10111110010000
11001001101111
11010100001111
11011101101101
11100110000110
11101101010111
11110011011110
11111000011001
11111100000111
11111110100110
11111111110110
11111111110110
11111110100110
11111100000111
11111000011001
11110011011110
11101101010111
11100110000110
11011101101101
11010100001111
11001001101111
10111110010000
10110001110101
10100100100011
10010110011110
10000111101010
1111000001100
1101000001000
1010111100100
1000110100100
110101001110
100011101000
10001110111
100000000000000000000000000000000
11111111111111111111101110001001
11111111111111111111011100011000
11111111111111111111001010110010
11111111111111111110111001011100
11111111111111111110101000011100
11111111111111111110010111111000
11111111111111111110000111110100
11111111111111111101111000010110
11111111111111111101101001100010
11111111111111111101011011011101
11111111111111111101001110001011
11111111111111111101000001110000
11111111111111111100110110010001
11111111111111111100101011110001
11111111111111111100100010010011
11111111111111111100011001111010
11111111111111111100010010101001
11111111111111111100001100100010
11111111111111111100000111100111
11111111111111111100000011111001
11111111111111111100000001011010
11111111111111111100000000001010
11111111111111111100000000001010
11111111111111111100000001011010
11111111111111111100000011111001
11111111111111111100000111100111
11111111111111111100001100100010
11111111111111111100010010101001
11111111111111111100011001111010
11111111111111111100100010010011
11111111111111111100101011110001
11111111111111111100110110010001
11111111111111111101000001110000
11111111111111111101001110001011
11111111111111111101011011011101
11111111111111111101101001100010
11111111111111111101111000010110
11111111111111111110000111110100
11111111111111111110010111111000
11111111111111111110101000011100
11111111111111111110111001011100
11111111111111111111001010110010
11111111111111111111011100011000
11111111111111111111101110001001
100000000000000000000000000000000
10001110111
100011101000
110101001110
1000110100100
1010111100100
1101000001000
1111000001100
10000111101010
10010110011110
10100100100011
10110001110101
10111110010000
11001001101111
11010100001111
11011101101101
11100110000110
11101101010111
11110011011110
11111000011001
11111100000111
11111110100110
11111111110110
11111111110110
11111110100110
11111100000111
11111000011001
11110011011110
11101101010111
11100110000110
11011101101101
11010100001111
11001001101111
10111110010000
10110001110101
10100100100011
10010110011110
10000111101010
1111000001100
1101000001000
1010111100100
1000110100100
110101001110
100011101000
10001110111
100000000000000000000000000000000
11111111111111111111101110001001
11111111111111111111011100011000
11111111111111111111001010110010
11111111111111111110111001011100
11111111111111111110101000011100
11111111111111111110010111111000
11111111111111111110000111110100
11111111111111111101111000010110
11111111111111111101101001100010
11111111111111111101011011011101
11111111111111111101001110001011
11111111111111111101000001110000
11111111111111111100110110010001
11111111111111111100101011110001
11111111111111111100100010010011
11111111111111111100011001111010
11111111111111111100010010101001
11111111111111111100001100100010
11111111111111111100000111100111
11111111111111111100000011111001
11111111111111111100000001011010
11111111111111111100000000001010
11111111111111111100000000001010
11111111111111111100000001011010
11111111111111111100000011111001
11111111111111111100000111100111
11111111111111111100001100100010
11111111111111111100010010101001
11111111111111111100011001111010
11111111111111111100100010010011
11111111111111111100101011110001
11111111111111111100110110010001
11111111111111111101000001110000
11111111111111111101001110001011
11111111111111111101011011011101
11111111111111111101101001100010
11111111111111111101111000010110
11111111111111111110000111110100
11111111111111111110010111111000
11111111111111111110101000011100
11111111111111111110111001011100
11111111111111111111001010110010
11111111111111111111011100011000
11111111111111111111101110001001
