100000000000000
11111111011000
11111101100001
11111010011010
11110110000101
11110000100100
11101001111000
11100010000010
11011001000110
11001111000111
11000100000111
10111000001010
10101011010011
10011101100111
10001111001010
10000000000000
1110000001110
1011111111010
1001111000111
111101111100
101100011101
11010110001
1000111100
11111111111111111111110111000100
11111111111111111111100101001111
11111111111111111111010011100011
11111111111111111111000010000100
11111111111111111110110000111001
11111111111111111110100000000110
11111111111111111110001111110010
11111111111111111110000000000000
11111111111111111101110000110110
11111111111111111101100010011001
11111111111111111101010100101101
11111111111111111101000111110110
11111111111111111100111011111001
11111111111111111100110000111001
11111111111111111100100110111010
11111111111111111100011101111110
11111111111111111100010110001000
11111111111111111100001111011100
11111111111111111100001001111011
11111111111111111100000101100110
11111111111111111100000010011111
11111111111111111100000000101000
11111111111111111100000000000000
11111111111111111100000000101000
11111111111111111100000010011111
11111111111111111100000101100110
11111111111111111100001001111011
11111111111111111100001111011100
11111111111111111100010110001000
11111111111111111100011101111110
11111111111111111100100110111010
11111111111111111100110000111001
11111111111111111100111011111001
11111111111111111101000111110110
11111111111111111101010100101101
11111111111111111101100010011001
11111111111111111101110000110110
11111111111111111110000000000000
11111111111111111110001111110010
11111111111111111110100000000110
11111111111111111110110000111001
11111111111111111111000010000100
11111111111111111111010011100011
11111111111111111111100101001111
11111111111111111111110111000100
1000111100
11010110001
101100011101
111101111100
1001111000111
1011111111010
1110000001110
10000000000000
10001111001010
10011101100111
10101011010011
10111000001010
11000100000111
11001111000111
11011001000110
11100010000010
11101001111000
11110000100100
11110110000101
11111010011010
11111101100001
11111111011000
100000000000000
11111111011000
11111101100001
11111010011010
11110110000101
11110000100100
11101001111000
11100010000010
11011001000110
11001111000111
11000100000111
10111000001010
10101011010011
10011101100111
10001111001010
10000000000000
1110000001110
1011111111010
1001111000111
111101111100
101100011101
11010110001
1000111100
11111111111111111111110111000100
11111111111111111111100101001111
11111111111111111111010011100011
11111111111111111111000010000100
11111111111111111110110000111001
11111111111111111110100000000110
11111111111111111110001111110010
11111111111111111110000000000000
11111111111111111101110000110110
11111111111111111101100010011001
11111111111111111101010100101101
11111111111111111101000111110110
11111111111111111100111011111001
11111111111111111100110000111001
11111111111111111100100110111010
11111111111111111100011101111110
11111111111111111100010110001000
11111111111111111100001111011100
11111111111111111100001001111011
11111111111111111100000101100110
11111111111111111100000010011111
11111111111111111100000000101000
11111111111111111100000000000000
11111111111111111100000000101000
11111111111111111100000010011111
11111111111111111100000101100110
11111111111111111100001001111011
11111111111111111100001111011100
11111111111111111100010110001000
11111111111111111100011101111110
11111111111111111100100110111010
11111111111111111100110000111001
11111111111111111100111011111001
11111111111111111101000111110110
11111111111111111101010100101101
11111111111111111101100010011001
11111111111111111101110000110110
11111111111111111110000000000000
11111111111111111110001111110010
11111111111111111110100000000110
11111111111111111110110000111001
11111111111111111111000010000100
11111111111111111111010011100011
11111111111111111111100101001111
11111111111111111111110111000100
1000111100
11010110001
101100011101
111101111100
1001111000111
1011111111010
1110000001110
10000000000000
10001111001010
10011101100111
10101011010011
10111000001010
11000100000111
11001111000111
11011001000110
11100010000010
11101001111000
11110000100100
11110110000101
11111010011010
11111101100001
11111111011000
100000000000000
11111111011000
11111101100001
11111010011010
11110110000101
11110000100100
11101001111000
11100010000010
11011001000110
11001111000111
11000100000111
10111000001010
10101011010011
10011101100111
10001111001010
10000000000000
1110000001110
1011111111010
1001111000111
111101111100
101100011101
11010110001
1000111100
11111111111111111111110111000100
11111111111111111111100101001111
11111111111111111111010011100011
11111111111111111111000010000100
11111111111111111110110000111001
11111111111111111110100000000110
11111111111111111110001111110010
11111111111111111110000000000000
11111111111111111101110000110110
11111111111111111101100010011001
11111111111111111101010100101101
11111111111111111101000111110110
11111111111111111100111011111001
11111111111111111100110000111001
11111111111111111100100110111010
11111111111111111100011101111110
11111111111111111100010110001000
11111111111111111100001111011100
11111111111111111100001001111011
11111111111111111100000101100110
11111111111111111100000010011111
11111111111111111100000000101000
11111111111111111100000000000000
11111111111111111100000000101000
11111111111111111100000010011111
11111111111111111100000101100110
11111111111111111100001001111011
11111111111111111100001111011100
11111111111111111100010110001000
11111111111111111100011101111110
11111111111111111100100110111010
11111111111111111100110000111001
11111111111111111100111011111001
11111111111111111101000111110110
11111111111111111101010100101101
11111111111111111101100010011001
11111111111111111101110000110110
11111111111111111110000000000000
11111111111111111110001111110010
11111111111111111110100000000110
11111111111111111110110000111001
11111111111111111111000010000100
11111111111111111111010011100011
11111111111111111111100101001111
11111111111111111111110111000100
1000111100
11010110001
101100011101
111101111100
1001111000111
1011111111010
1110000001110
10000000000000
10001111001010
10011101100111
10101011010011
10111000001010
11000100000111
11001111000111
11011001000110
11100010000010
11101001111000
11110000100100
11110110000101
11111010011010
11111101100001
11111111011000
100000000000000
11111111011000
11111101100001
11111010011010
11110110000101
11110000100100
11101001111000
11100010000010
11011001000110
11001111000111
11000100000111
10111000001010
10101011010011
10011101100111
10001111001010
10000000000000
1110000001110
1011111111010
1001111000111
111101111100
101100011101
11010110001
1000111100
11111111111111111111110111000100
11111111111111111111100101001111
11111111111111111111010011100011
11111111111111111111000010000100
11111111111111111110110000111001
11111111111111111110100000000110
11111111111111111110001111110010
11111111111111111110000000000000
11111111111111111101110000110110
11111111111111111101100010011001
11111111111111111101010100101101
11111111111111111101000111110110
11111111111111111100111011111001
11111111111111111100110000111001
11111111111111111100100110111010
11111111111111111100011101111110
11111111111111111100010110001000
11111111111111111100001111011100
11111111111111111100001001111011
11111111111111111100000101100110
11111111111111111100000010011111
11111111111111111100000000101000
11111111111111111100000000000000
11111111111111111100000000101000
11111111111111111100000010011111
11111111111111111100000101100110
11111111111111111100001001111011
11111111111111111100001111011100
11111111111111111100010110001000
11111111111111111100011101111110
11111111111111111100100110111010
11111111111111111100110000111001
11111111111111111100111011111001
11111111111111111101000111110110
11111111111111111101010100101101
11111111111111111101100010011001
11111111111111111101110000110110
11111111111111111110000000000000
11111111111111111110001111110010
11111111111111111110100000000110
11111111111111111110110000111001
11111111111111111111000010000100
11111111111111111111010011100011
11111111111111111111100101001111
11111111111111111111110111000100
1000111100
11010110001
101100011101
111101111100
1001111000111
1011111111010
1110000001110
10000000000000
10001111001010
10011101100111
10101011010011
10111000001010
11000100000111
11001111000111
11011001000110
11100010000010
11101001111000
11110000100100
11110110000101
11111010011010
11111101100001
11111111011000
