100000000000000000000000000000000
11111111111111111101101111001000
1101100100011
111111100011
11111111111111111101100011110110
110101011100
1110100000111
11111111111111111101110011100100
11111111111111111111110101000110
10010100100111
11111111111111111110011011100100
11111111111111111110110110101001
10011011011001
11111111111111111111010100111100
11111111111111111110000100111000
10000111010100
10101110000
11111111111111111101101000011001
1011011110110
1010010110011
11111111111111111101100110001000
100000011111
10000001100010
11111111111111111101111110011110
11111111111111111111011111100001
10011001111000
11111111111111111110101101001101
11111111111111111110100100001010
10010111100111
11111111111111111111101010010000
11111111111111111101111000101100
1111011001000
101011000100
11111111111111111101100100100111
1001001010111
1100100011100
11111111111111111101101011011001
1010111010
10001100011100
11111111111111111110001011111001
11111111111111111111001010100100
10011100001010
11111111111111111111000000011101
11111111111111111110010011011101
10010000111000
100000000000000000000000000000000
11111111111111111101101111001000
1101100100011
111111100011
11111111111111111101100011110110
110101011100
1110100000111
11111111111111111101110011100100
11111111111111111111110101000110
10010100100111
11111111111111111110011011100100
11111111111111111110110110101001
10011011011001
11111111111111111111010100111100
11111111111111111110000100111000
10000111010100
10101110000
11111111111111111101101000011001
1011011110110
1010010110011
11111111111111111101100110001000
100000011111
10000001100010
11111111111111111101111110011110
11111111111111111111011111100001
10011001111000
11111111111111111110101101001101
11111111111111111110100100001010
10010111100111
11111111111111111111101010010000
11111111111111111101111000101100
1111011001000
101011000100
11111111111111111101100100100111
1001001010111
1100100011100
11111111111111111101101011011001
1010111010
10001100011100
11111111111111111110001011111001
11111111111111111111001010100100
10011100001010
11111111111111111111000000011101
11111111111111111110010011011101
10010000111000
100000000000000000000000000000000
11111111111111111101101111001000
1101100100011
111111100011
11111111111111111101100011110110
110101011100
1110100000111
11111111111111111101110011100100
11111111111111111111110101000110
10010100100111
11111111111111111110011011100100
11111111111111111110110110101001
10011011011001
11111111111111111111010100111100
11111111111111111110000100111000
10000111010100
10101110000
11111111111111111101101000011001
1011011110110
1010010110011
11111111111111111101100110001000
100000011111
10000001100010
11111111111111111101111110011110
11111111111111111111011111100001
10011001111000
11111111111111111110101101001101
11111111111111111110100100001010
10010111100111
11111111111111111111101010010000
11111111111111111101111000101100
1111011001000
101011000100
11111111111111111101100100100111
1001001010111
1100100011100
11111111111111111101101011011001
1010111010
10001100011100
11111111111111111110001011111001
11111111111111111111001010100100
10011100001010
11111111111111111111000000011101
11111111111111111110010011011101
10010000111000
100000000000000000000000000000000
11111111111111111101101111001000
1101100100011
111111100011
11111111111111111101100011110110
110101011100
1110100000111
11111111111111111101110011100100
11111111111111111111110101000110
10010100100111
11111111111111111110011011100100
11111111111111111110110110101001
10011011011001
11111111111111111111010100111100
11111111111111111110000100111000
10000111010100
10101110000
11111111111111111101101000011001
1011011110110
1010010110011
11111111111111111101100110001000
100000011111
10000001100010
11111111111111111101111110011110
11111111111111111111011111100001
10011001111000
11111111111111111110101101001101
11111111111111111110100100001010
10010111100111
11111111111111111111101010010000
11111111111111111101111000101100
1111011001000
101011000100
11111111111111111101100100100111
1001001010111
1100100011100
11111111111111111101101011011001
1010111010
10001100011100
11111111111111111110001011111001
11111111111111111111001010100100
10011100001010
11111111111111111111000000011101
11111111111111111110010011011101
10010000111000
