100000000000000000000000000000000
1000111
10001111
11010101
100011010
101011110
110100000
111100001
1000011111
1001011010
1010010010
1011000111
1011111001
1100100111
1101010001
1101110111
1110011000
1110110101
1111001110
1111100010
1111110000
1111111010
1111111111
1111111111
1111111010
1111110000
1111100010
1111001110
1110110101
1110011000
1101110111
1101010001
1100100111
1011111001
1011000111
1010010010
1001011010
1000011111
111100001
110100000
101011110
100011010
11010101
10001111
1000111
100000000000000000000000000000000
11111111111111111111111110111001
11111111111111111111111101110001
11111111111111111111111100101011
11111111111111111111111011100110
11111111111111111111111010100010
11111111111111111111111001100000
11111111111111111111111000011111
11111111111111111111110111100001
11111111111111111111110110100110
11111111111111111111110101101110
11111111111111111111110100111001
11111111111111111111110100000111
11111111111111111111110011011001
11111111111111111111110010101111
11111111111111111111110010001001
11111111111111111111110001101000
11111111111111111111110001001011
11111111111111111111110000110010
11111111111111111111110000011110
11111111111111111111110000010000
11111111111111111111110000000110
11111111111111111111110000000001
11111111111111111111110000000001
11111111111111111111110000000110
11111111111111111111110000010000
11111111111111111111110000011110
11111111111111111111110000110010
11111111111111111111110001001011
11111111111111111111110001101000
11111111111111111111110010001001
11111111111111111111110010101111
11111111111111111111110011011001
11111111111111111111110100000111
11111111111111111111110100111001
11111111111111111111110101101110
11111111111111111111110110100110
11111111111111111111110111100001
11111111111111111111111000011111
11111111111111111111111001100000
11111111111111111111111010100010
11111111111111111111111011100110
11111111111111111111111100101011
11111111111111111111111101110001
11111111111111111111111110111001
100000000000000000000000000000000
1000111
10001111
11010101
100011010
101011110
110100000
111100001
1000011111
1001011010
1010010010
1011000111
1011111001
1100100111
1101010001
1101110111
1110011000
1110110101
1111001110
1111100010
1111110000
1111111010
1111111111
1111111111
1111111010
1111110000
1111100010
1111001110
1110110101
1110011000
1101110111
1101010001
1100100111
1011111001
1011000111
1010010010
1001011010
1000011111
111100001
110100000
101011110
100011010
11010101
10001111
1000111
100000000000000000000000000000000
11111111111111111111111110111001
11111111111111111111111101110001
11111111111111111111111100101011
11111111111111111111111011100110
11111111111111111111111010100010
11111111111111111111111001100000
11111111111111111111111000011111
11111111111111111111110111100001
11111111111111111111110110100110
11111111111111111111110101101110
11111111111111111111110100111001
11111111111111111111110100000111
11111111111111111111110011011001
11111111111111111111110010101111
11111111111111111111110010001001
11111111111111111111110001101000
11111111111111111111110001001011
11111111111111111111110000110010
11111111111111111111110000011110
11111111111111111111110000010000
11111111111111111111110000000110
11111111111111111111110000000001
11111111111111111111110000000001
11111111111111111111110000000110
11111111111111111111110000010000
11111111111111111111110000011110
11111111111111111111110000110010
11111111111111111111110001001011
11111111111111111111110001101000
11111111111111111111110010001001
11111111111111111111110010101111
11111111111111111111110011011001
11111111111111111111110100000111
11111111111111111111110100111001
11111111111111111111110101101110
11111111111111111111110110100110
11111111111111111111110111100001
11111111111111111111111000011111
11111111111111111111111001100000
11111111111111111111111010100010
11111111111111111111111011100110
11111111111111111111111100101011
11111111111111111111111101110001
11111111111111111111111110111001
100000000000000000000000000000000
1000111
10001111
11010101
100011010
101011110
110100000
111100001
1000011111
1001011010
1010010010
1011000111
1011111001
1100100111
1101010001
1101110111
1110011000
1110110101
1111001110
1111100010
1111110000
1111111010
1111111111
1111111111
1111111010
1111110000
1111100010
1111001110
1110110101
1110011000
1101110111
1101010001
1100100111
1011111001
1011000111
1010010010
1001011010
1000011111
111100001
110100000
101011110
100011010
11010101
10001111
1000111
100000000000000000000000000000000
11111111111111111111111110111001
11111111111111111111111101110001
11111111111111111111111100101011
11111111111111111111111011100110
11111111111111111111111010100010
11111111111111111111111001100000
11111111111111111111111000011111
11111111111111111111110111100001
11111111111111111111110110100110
11111111111111111111110101101110
11111111111111111111110100111001
11111111111111111111110100000111
11111111111111111111110011011001
11111111111111111111110010101111
11111111111111111111110010001001
11111111111111111111110001101000
11111111111111111111110001001011
11111111111111111111110000110010
11111111111111111111110000011110
11111111111111111111110000010000
11111111111111111111110000000110
11111111111111111111110000000001
11111111111111111111110000000001
11111111111111111111110000000110
11111111111111111111110000010000
11111111111111111111110000011110
11111111111111111111110000110010
11111111111111111111110001001011
11111111111111111111110001101000
11111111111111111111110010001001
11111111111111111111110010101111
11111111111111111111110011011001
11111111111111111111110100000111
11111111111111111111110100111001
11111111111111111111110101101110
11111111111111111111110110100110
11111111111111111111110111100001
11111111111111111111111000011111
11111111111111111111111001100000
11111111111111111111111010100010
11111111111111111111111011100110
11111111111111111111111100101011
11111111111111111111111101110001
11111111111111111111111110111001
100000000000000000000000000000000
1000111
10001111
11010101
100011010
101011110
110100000
111100001
1000011111
1001011010
1010010010
1011000111
1011111001
1100100111
1101010001
1101110111
1110011000
1110110101
1111001110
1111100010
1111110000
1111111010
1111111111
1111111111
1111111010
1111110000
1111100010
1111001110
1110110101
1110011000
1101110111
1101010001
1100100111
1011111001
1011000111
1010010010
1001011010
1000011111
111100001
110100000
101011110
100011010
11010101
10001111
1000111
100000000000000000000000000000000
11111111111111111111111110111001
11111111111111111111111101110001
11111111111111111111111100101011
11111111111111111111111011100110
11111111111111111111111010100010
11111111111111111111111001100000
11111111111111111111111000011111
11111111111111111111110111100001
11111111111111111111110110100110
11111111111111111111110101101110
11111111111111111111110100111001
11111111111111111111110100000111
11111111111111111111110011011001
11111111111111111111110010101111
11111111111111111111110010001001
11111111111111111111110001101000
11111111111111111111110001001011
11111111111111111111110000110010
11111111111111111111110000011110
11111111111111111111110000010000
11111111111111111111110000000110
11111111111111111111110000000001
11111111111111111111110000000001
11111111111111111111110000000110
11111111111111111111110000010000
11111111111111111111110000011110
11111111111111111111110000110010
11111111111111111111110001001011
11111111111111111111110001101000
11111111111111111111110010001001
11111111111111111111110010101111
11111111111111111111110011011001
11111111111111111111110100000111
11111111111111111111110100111001
11111111111111111111110101101110
11111111111111111111110110100110
11111111111111111111110111100001
11111111111111111111111000011111
11111111111111111111111001100000
11111111111111111111111010100010
11111111111111111111111011100110
11111111111111111111111100101011
11111111111111111111111101110001
11111111111111111111111110111001
