10000000000
1111111110
1111110110
1111101010
1111011000
1111000010
1110100111
1110001000
1101100100
1100111100
1100010000
1011100001
1010101101
1001110110
1000111101
1000000000
111000001
110000000
100111100
11111000
10110010
1101011
100100
11111111111111111111111111011100
11111111111111111111111110010101
11111111111111111111111101001110
11111111111111111111111100001000
11111111111111111111111011000100
11111111111111111111111010000000
11111111111111111111111000111111
11111111111111111111111000000000
11111111111111111111110111000011
11111111111111111111110110001010
11111111111111111111110101010011
11111111111111111111110100011111
11111111111111111111110011110000
11111111111111111111110011000100
11111111111111111111110010011100
11111111111111111111110001111000
11111111111111111111110001011001
11111111111111111111110000111110
11111111111111111111110000101000
11111111111111111111110000010110
11111111111111111111110000001010
11111111111111111111110000000010
11111111111111111111110000000000
11111111111111111111110000000010
11111111111111111111110000001010
11111111111111111111110000010110
11111111111111111111110000101000
11111111111111111111110000111110
11111111111111111111110001011001
11111111111111111111110001111000
11111111111111111111110010011100
11111111111111111111110011000100
11111111111111111111110011110000
11111111111111111111110100011111
11111111111111111111110101010011
11111111111111111111110110001010
11111111111111111111110111000011
11111111111111111111111000000000
11111111111111111111111000111111
11111111111111111111111010000000
11111111111111111111111011000100
11111111111111111111111100001000
11111111111111111111111101001110
11111111111111111111111110010101
11111111111111111111111111011100
100100
1101011
10110010
11111000
100111100
110000000
111000001
1000000000
1000111101
1001110110
1010101101
1011100001
1100010000
1100111100
1101100100
1110001000
1110100111
1111000010
1111011000
1111101010
1111110110
1111111110
10000000000
1111111110
1111110110
1111101010
1111011000
1111000010
1110100111
1110001000
1101100100
1100111100
1100010000
1011100001
1010101101
1001110110
1000111101
1000000000
111000001
110000000
100111100
11111000
10110010
1101011
100100
11111111111111111111111111011100
11111111111111111111111110010101
11111111111111111111111101001110
11111111111111111111111100001000
11111111111111111111111011000100
11111111111111111111111010000000
11111111111111111111111000111111
11111111111111111111111000000000
11111111111111111111110111000011
11111111111111111111110110001010
11111111111111111111110101010011
11111111111111111111110100011111
11111111111111111111110011110000
11111111111111111111110011000100
11111111111111111111110010011100
11111111111111111111110001111000
11111111111111111111110001011001
11111111111111111111110000111110
11111111111111111111110000101000
11111111111111111111110000010110
11111111111111111111110000001010
11111111111111111111110000000010
11111111111111111111110000000000
11111111111111111111110000000010
11111111111111111111110000001010
11111111111111111111110000010110
11111111111111111111110000101000
11111111111111111111110000111110
11111111111111111111110001011001
11111111111111111111110001111000
11111111111111111111110010011100
11111111111111111111110011000100
11111111111111111111110011110000
11111111111111111111110100011111
11111111111111111111110101010011
11111111111111111111110110001010
11111111111111111111110111000011
11111111111111111111111000000000
11111111111111111111111000111111
11111111111111111111111010000000
11111111111111111111111011000100
11111111111111111111111100001000
11111111111111111111111101001110
11111111111111111111111110010101
11111111111111111111111111011100
100100
1101011
10110010
11111000
100111100
110000000
111000001
1000000000
1000111101
1001110110
1010101101
1011100001
1100010000
1100111100
1101100100
1110001000
1110100111
1111000010
1111011000
1111101010
1111110110
1111111110
10000000000
1111111110
1111110110
1111101010
1111011000
1111000010
1110100111
1110001000
1101100100
1100111100
1100010000
1011100001
1010101101
1001110110
1000111101
1000000000
111000001
110000000
100111100
11111000
10110010
1101011
100100
11111111111111111111111111011100
11111111111111111111111110010101
11111111111111111111111101001110
11111111111111111111111100001000
11111111111111111111111011000100
11111111111111111111111010000000
11111111111111111111111000111111
11111111111111111111111000000000
11111111111111111111110111000011
11111111111111111111110110001010
11111111111111111111110101010011
11111111111111111111110100011111
11111111111111111111110011110000
11111111111111111111110011000100
11111111111111111111110010011100
11111111111111111111110001111000
11111111111111111111110001011001
11111111111111111111110000111110
11111111111111111111110000101000
11111111111111111111110000010110
11111111111111111111110000001010
11111111111111111111110000000010
11111111111111111111110000000000
11111111111111111111110000000010
11111111111111111111110000001010
11111111111111111111110000010110
11111111111111111111110000101000
11111111111111111111110000111110
11111111111111111111110001011001
11111111111111111111110001111000
11111111111111111111110010011100
11111111111111111111110011000100
11111111111111111111110011110000
11111111111111111111110100011111
11111111111111111111110101010011
11111111111111111111110110001010
11111111111111111111110111000011
11111111111111111111111000000000
11111111111111111111111000111111
11111111111111111111111010000000
11111111111111111111111011000100
11111111111111111111111100001000
11111111111111111111111101001110
11111111111111111111111110010101
11111111111111111111111111011100
100100
1101011
10110010
11111000
100111100
110000000
111000001
1000000000
1000111101
1001110110
1010101101
1011100001
1100010000
1100111100
1101100100
1110001000
1110100111
1111000010
1111011000
1111101010
1111110110
1111111110
10000000000
1111111110
1111110110
1111101010
1111011000
1111000010
1110100111
1110001000
1101100100
1100111100
1100010000
1011100001
1010101101
1001110110
1000111101
1000000000
111000001
110000000
100111100
11111000
10110010
1101011
100100
11111111111111111111111111011100
11111111111111111111111110010101
11111111111111111111111101001110
11111111111111111111111100001000
11111111111111111111111011000100
11111111111111111111111010000000
11111111111111111111111000111111
11111111111111111111111000000000
11111111111111111111110111000011
11111111111111111111110110001010
11111111111111111111110101010011
11111111111111111111110100011111
11111111111111111111110011110000
11111111111111111111110011000100
11111111111111111111110010011100
11111111111111111111110001111000
11111111111111111111110001011001
11111111111111111111110000111110
11111111111111111111110000101000
11111111111111111111110000010110
11111111111111111111110000001010
11111111111111111111110000000010
11111111111111111111110000000000
11111111111111111111110000000010
11111111111111111111110000001010
11111111111111111111110000010110
11111111111111111111110000101000
11111111111111111111110000111110
11111111111111111111110001011001
11111111111111111111110001111000
11111111111111111111110010011100
11111111111111111111110011000100
11111111111111111111110011110000
11111111111111111111110100011111
11111111111111111111110101010011
11111111111111111111110110001010
11111111111111111111110111000011
11111111111111111111111000000000
11111111111111111111111000111111
11111111111111111111111010000000
11111111111111111111111011000100
11111111111111111111111100001000
11111111111111111111111101001110
11111111111111111111111110010101
11111111111111111111111111011100
100100
1101011
10110010
11111000
100111100
110000000
111000001
1000000000
1000111101
1001110110
1010101101
1011100001
1100010000
1100111100
1101100100
1110001000
1110100111
1111000010
1111011000
1111101010
1111110110
1111111110
